7
22
29
5
22
19
26
15
26
2
3
2
17
31
2
25
22
9
22
5
6
27
5
17
15
32
2
16
4
3
5
30
13
15
4
13
32
4
12
17
21
18
9
6
22
5
8
8
10
14
23
13
6
2
22
22
19
31
17
23
11
1
22
15
6
23
11
12
15
10
13
28
13
29
21
25
15
24
19
22
1
4
22
25
3
1
17
26
23
20
7
19
14
19
26
9
1
2
30
27
5
14
10
18
25
3
8
11
6
23
27
27
8
17
19
19
20
14
4
23
3
29
12
16
2
31
24
2
24
12
16
28
22
17
15
27
19
15
12
12
31
8
23
26
20
1
11
13
31
6
11
2
4
8
22
2
13
7
6
23
26
4
6
29
8
6
14
17
15
28
12
7
23
4
30
6
24
25
16
27
20
20
8
24
12
9
15
27
2
15
31
31
25
31
5
23
25
17
6
31
19
14
11
13
18
31
30
4
24
2
14
20
10
23
21
2
3
5
14
16
10
17
23
9
30
26
18
16
21
18
5
2
27
30
31
8
10
2
29
1
29
31
28
2
4
18
17
32
29
25
24
7
12
9
1
6
8
14
28
32
32
31
31
20
10
7
23
27
20
11
11
17
12
29
23
11
20
28
15
18
28
5
25
13
21
14
6
26
24
4
23
6
26
13
27
17
5
11
30
18